 50.000000 50.000000 50.000000 50.000000 50.000000 50.000000 50.000000 50.000000 50.000000 50.000000
  90.000000  50.000000  50.000000  50.000000  50.000000  50.000000  50.000000  50.000000  50.000000  70.000000
  90.000000  90.000000  50.000000  50.000000  50.000000  50.000000  50.000000  50.000000  70.000000  70.000000
  90.000000  50.000000  90.000000  50.000000  50.000000  50.000000  50.000000  70.000000  50.000000  70.000000
  90.000000  130.000000  10.000000  90.000000  50.000000  50.000000  70.000000  30.000000  90.000000  70.000000
  90.000000  -30.000000  210.000000  -30.000000  90.000000  70.000000  10.000000  130.000000  10.000000  70.000000
  90.000000  330.000000  -270.000000  330.000000  -50.000000  30.000000  190.000000  -110.000000  190.000000  70.000000
  90.000000  -510.000000  930.000000  -650.000000  410.000000  110.000000  -270.000000  490.000000  -230.000000  70.000000
  90.000000  1530.000000  -2090.000000  1990.000000  -950.000000  30.000000  870.000000  -990.000000  790.000000  70.000000
  90.000000  -3530.000000  5610.000000  -5030.000000  2970.000000  -110.000000  -1830.000000  2650.000000  -1710.000000  70.000000
  90.000000  9230.000000  -14170.000000  13610.000000  -8110.000000  1250.000000  4370.000000  -6190.000000  4430.000000  70.000000
